1000 999
1 2 305528
2 3 732943
3 4 465695
4 5 152875
5 6 368889
6 7 840473
7 8 254611
8 9 296724
9 10 375666
10 11 709539
11 12 955273
12 13 973039
13 14 348457
14 15 498955
15 16 297203
16 17 995433
17 18 403430
18 19 954479
19 20 848091
20 21 632138
21 22 668638
22 23 386865
23 24 221872
24 25 903797
25 26 93206
26 27 993528
27 28 627539
28 29 681330
29 30 991168
30 31 30308
31 32 825549
32 33 719402
33 34 535475
34 35 24735
35 36 459679
36 37 464547
37 38 901866
38 39 812426
39 40 188243
40 41 273212
41 42 430137
42 43 948759
43 44 982746
44 45 834046
45 46 472914
46 47 445910
47 48 16034
48 49 356526
49 50 943789
50 51 959270
51 52 514211
52 53 207880
53 54 350523
54 55 986828
55 56 917411
56 57 273970
57 58 775544
58 59 376311
59 60 893032
60 61 766627
61 62 173573
62 63 392630
63 64 443279
64 65 633915
65 66 105265
66 67 734292
67 68 88950
68 69 601501
69 70 309033
70 71 442162
71 72 766881
72 73 392565
73 74 963675
74 75 807657
75 76 134944
76 77 789733
77 78 907965
78 79 411816
79 80 908577
80 81 645525
81 82 281697
82 83 839381
83 84 651994
84 85 607908
85 86 809672
86 87 951690
87 88 869075
88 89 924925
89 90 151611
90 91 643021
91 92 625705
92 93 321843
93 94 180863
94 95 731111
95 96 750738
96 97 389277
97 98 42816
98 99 633609
99 100 766461
100 101 581441
101 102 677687
102 103 171909
103 104 346348
104 105 202760
105 106 752708
106 107 29925
107 108 154035
108 109 374044
109 110 745434
110 111 647282
111 112 256020
112 113 223169
113 114 69510
114 115 365461
115 116 275442
116 117 241001
117 118 829870
118 119 400262
119 120 808624
120 121 248975
121 122 324445
122 123 409823
123 124 499309
124 125 499702
125 126 142048
126 127 581496
127 128 390662
128 129 327469
129 130 994398
130 131 236644
131 132 414561
132 133 818072
133 134 360267
134 135 370862
135 136 329788
136 137 240055
137 138 216287
138 139 281343
139 140 691590
140 141 510975
141 142 587474
142 143 389333
143 144 628514
144 145 608462
145 146 880799
146 147 187135
147 148 406213
148 149 423703
149 150 452389
150 151 254795
151 152 392923
152 153 639196
153 154 824091
154 155 94536
155 156 598913
156 157 568574
157 158 209060
158 159 782130
159 160 733243
160 161 59748
161 162 460165
162 163 656974
163 164 860310
164 165 365431
165 166 180466
166 167 4300
167 168 728210
168 169 362045
169 170 146619
170 171 336466
171 172 826177
172 173 675673
173 174 312240
174 175 522505
175 176 810146
176 177 794906
177 178 29599
178 179 817927
179 180 705202
180 181 178858
181 182 901590
182 183 177356
183 184 575446
184 185 974773
185 186 102192
186 187 933378
187 188 990674
188 189 74954
189 190 54645
190 191 231101
191 192 908242
192 193 731334
193 194 729398
194 195 529744
195 196 31232
196 197 246355
197 198 626023
198 199 211840
199 200 656717
200 201 836162
201 202 117461
202 203 17146
203 204 997148
204 205 418628
205 206 139436
206 207 926043
207 208 361331
208 209 555678
209 210 948987
210 211 174228
211 212 219150
212 213 263066
213 214 278165
214 215 617916
215 216 528928
216 217 204583
217 218 767779
218 219 114669
219 220 965368
220 221 184925
221 222 814171
222 223 69279
223 224 263799
224 225 81359
225 226 929536
226 227 952553
227 228 588249
228 229 857180
229 230 855120
230 231 59717
231 232 761885
232 233 754526
233 234 348620
234 235 802309
235 236 251061
236 237 140318
237 238 695817
238 239 478128
239 240 129260
240 241 521477
241 242 442045
242 243 296818
243 244 424180
244 245 619208
245 246 700282
246 247 191752
247 248 811462
248 249 97509
249 250 278305
250 251 13632
251 252 597381
252 253 205773
253 254 686155
254 255 916985
255 256 563342
256 257 697258
257 258 137100
258 259 965053
259 260 554977
260 261 105700
261 262 809629
262 263 598227
263 264 212664
264 265 232615
265 266 82083
266 267 47941
267 268 631286
268 269 948838
269 270 40796
270 271 40340
271 272 65786
272 273 794976
273 274 324321
274 275 826016
275 276 777614
276 277 428128
277 278 545785
278 279 754232
279 280 440611
280 281 726767
281 282 838667
282 283 180377
283 284 672661
284 285 424238
285 286 549582
286 287 973991
287 288 189883
288 289 904662
289 290 664750
290 291 153852
291 292 515400
292 293 579853
293 294 379091
294 295 171522
295 296 699333
296 297 799218
297 298 420739
298 299 472691
299 300 545427
300 301 954897
301 302 10274
302 303 848982
303 304 926025
304 305 23774
305 306 110023
306 307 230367
307 308 751753
308 309 552565
309 310 567787
310 311 446949
311 312 5027
312 313 323439
313 314 91590
314 315 76462
315 316 504526
316 317 935048
317 318 95952
318 319 983541
319 320 152208
320 321 274579
321 322 173629
322 323 14562
323 324 643636
324 325 234539
325 326 23644
326 327 630380
327 328 560484
328 329 556106
329 330 450936
330 331 662746
331 332 884958
332 333 588841
333 334 85944
334 335 99114
335 336 793682
336 337 907683
337 338 991339
338 339 7818
339 340 964173
340 341 919511
341 342 552470
342 343 869161
343 344 836117
344 345 815797
345 346 608340
346 347 643923
347 348 251731
348 349 731073
349 350 546508
350 351 518439
351 352 892719
352 353 496275
353 354 275155
354 355 4664
355 356 924079
356 357 672197
357 358 809915
358 359 811932
359 360 891320
360 361 745896
361 362 358017
362 363 510747
363 364 697315
364 365 756319
365 366 607553
366 367 409148
367 368 570572
368 369 226261
369 370 431441
370 371 520621
371 372 477097
372 373 963212
373 374 516962
374 375 824432
375 376 530752
376 377 923711
377 378 328711
378 379 593896
379 380 564956
380 381 234216
381 382 556728
382 383 914833
383 384 580967
384 385 602611
385 386 989200
386 387 603231
387 388 202504
388 389 27802
389 390 650977
390 391 492896
391 392 114108
392 393 419238
393 394 957780
394 395 233192
395 396 718178
396 397 532435
397 398 232566
398 399 518141
399 400 293633
400 401 143088
401 402 943252
402 403 644832
403 404 784010
404 405 913773
405 406 10722
406 407 596878
407 408 409506
408 409 968989
409 410 64244
410 411 586581
411 412 796028
412 413 58586
413 414 234471
414 415 824580
415 416 688225
416 417 705832
417 418 110743
418 419 935436
419 420 586500
420 421 847219
421 422 447948
422 423 244422
423 424 887797
424 425 421075
425 426 327468
426 427 789237
427 428 53010
428 429 164007
429 430 957919
430 431 275676
431 432 207383
432 433 502822
433 434 179896
434 435 580457
435 436 806700
436 437 355602
437 438 313268
438 439 946379
439 440 128193
440 441 29716
441 442 825145
442 443 137026
443 444 531882
444 445 243775
445 446 696292
446 447 479565
447 448 897591
448 449 126107
449 450 925286
450 451 114758
451 452 288771
452 453 65918
453 454 140166
454 455 333780
455 456 330805
456 457 325638
457 458 225832
458 459 214390
459 460 728786
460 461 90655
461 462 943148
462 463 503164
463 464 329268
464 465 768885
465 466 744465
466 467 664350
467 468 252408
468 469 616545
469 470 538013
470 471 662670
471 472 605674
472 473 490196
473 474 626048
474 475 235049
475 476 835715
476 477 905085
477 478 875842
478 479 586451
479 480 305262
480 481 657663
481 482 417741
482 483 481744
483 484 443478
484 485 749402
485 486 716002
486 487 314470
487 488 243783
488 489 1168
489 490 198866
490 491 227779
491 492 609947
492 493 276950
493 494 529063
494 495 753621
495 496 766183
496 497 458120
497 498 87550
498 499 263712
499 500 174028
500 501 934168
501 502 419915
502 503 978886
503 504 773480
504 505 584833
505 506 263673
506 507 761129
507 508 595228
508 509 605568
509 510 2406
510 511 75418
511 512 361788
512 513 137849
513 514 434942
514 515 223736
515 516 944502
516 517 560850
517 518 110098
518 519 294370
519 520 299200
520 521 106525
521 522 312216
522 523 869145
523 524 999408
524 525 9777
525 526 213692
526 527 825360
527 528 307338
528 529 875888
529 530 857236
530 531 316113
531 532 375640
532 533 393557
533 534 439569
534 535 672926
535 536 541064
536 537 426524
537 538 179011
538 539 836880
539 540 864101
540 541 61661
541 542 818369
542 543 544729
543 544 304391
544 545 575846
545 546 669228
546 547 541161
547 548 548224
548 549 523768
549 550 736005
550 551 931143
551 552 788346
552 553 461158
553 554 514317
554 555 508468
555 556 338607
556 557 315623
557 558 977730
558 559 875275
559 560 608666
560 561 180888
561 562 614832
562 563 124119
563 564 976869
564 565 249092
565 566 446531
566 567 72
567 568 649612
568 569 83643
569 570 799655
570 571 559506
571 572 983755
572 573 17615
573 574 38924
574 575 281675
575 576 991044
576 577 329306
577 578 993184
578 579 855607
579 580 552713
580 581 301690
581 582 618806
582 583 898854
583 584 235614
584 585 644956
585 586 476667
586 587 210033
587 588 275855
588 589 285697
589 590 303793
590 591 777604
591 592 294217
592 593 372865
593 594 841350
594 595 609565
595 596 527378
596 597 934140
597 598 830201
598 599 209543
599 600 794205
600 601 870874
601 602 486335
602 603 987729
603 604 578439
604 605 930744
605 606 946577
606 607 585699
607 608 809610
608 609 834688
609 610 888660
610 611 520762
611 612 96562
612 613 946067
613 614 619538
614 615 881791
615 616 11553
616 617 831940
617 618 845896
618 619 432785
619 620 515659
620 621 888625
621 622 240949
622 623 569957
623 624 441084
624 625 801433
625 626 167024
626 627 137237
627 628 267875
628 629 172223
629 630 282235
630 631 108481
631 632 59760
632 633 143132
633 634 967601
634 635 290048
635 636 595518
636 637 117409
637 638 930772
638 639 21698
639 640 137531
640 641 793544
641 642 161984
642 643 99986
643 644 801983
644 645 351208
645 646 782175
646 647 786282
647 648 326640
648 649 133295
649 650 484198
650 651 524186
651 652 306315
652 653 350992
653 654 297613
654 655 606185
655 656 133023
656 657 563535
657 658 344903
658 659 557311
659 660 647492
660 661 787297
661 662 745085
662 663 471458
663 664 774615
664 665 788086
665 666 276266
666 667 956623
667 668 405261
668 669 388653
669 670 577701
670 671 522355
671 672 45017
672 673 245881
673 674 713314
674 675 266454
675 676 607139
676 677 670547
677 678 267370
678 679 574380
679 680 400585
680 681 429129
681 682 909343
682 683 866550
683 684 193921
684 685 881466
685 686 12465
686 687 660602
687 688 90515
688 689 985656
689 690 250905
690 691 878680
691 692 9667
692 693 920117
693 694 928004
694 695 329907
695 696 826051
696 697 40236
697 698 49689
698 699 530783
699 700 248039
700 701 421476
701 702 233184
702 703 487546
703 704 701418
704 705 219859
705 706 589892
706 707 676945
707 708 285165
708 709 57686
709 710 688837
710 711 669179
711 712 674562
712 713 755547
713 714 204274
714 715 326242
715 716 778143
716 717 931859
717 718 114952
718 719 67532
719 720 230538
720 721 106078
721 722 790655
722 723 240093
723 724 501827
724 725 83227
725 726 753878
726 727 754976
727 728 605968
728 729 5479
729 730 129553
730 731 738493
731 732 364002
732 733 437111
733 734 168523
734 735 510305
735 736 197935
736 737 610762
737 738 722880
738 739 263797
739 740 296117
740 741 904213
741 742 847731
742 743 368743
743 744 169876
744 745 120792
745 746 995031
746 747 309186
747 748 536604
748 749 999294
749 750 27374
750 751 372895
751 752 162373
752 753 837046
753 754 240822
754 755 714965
755 756 766474
756 757 753471
757 758 905941
758 759 772914
759 760 624694
760 761 156724
761 762 748692
762 763 685592
763 764 877205
764 765 717023
765 766 608182
766 767 93316
767 768 293865
768 769 105597
769 770 150143
770 771 781922
771 772 819064
772 773 776318
773 774 270835
774 775 163918
775 776 249886
776 777 926403
777 778 952532
778 779 289974
779 780 768181
780 781 781101
781 782 44671
782 783 455074
783 784 256165
784 785 741414
785 786 252252
786 787 130878
787 788 534043
788 789 620823
789 790 113497
790 791 443349
791 792 894201
792 793 809278
793 794 398416
794 795 843
795 796 555492
796 797 430697
797 798 716855
798 799 925192
799 800 596797
800 801 337186
801 802 285113
802 803 513951
803 804 894419
804 805 448975
805 806 171655
806 807 164812
807 808 987860
808 809 373534
809 810 386033
810 811 652775
811 812 826578
812 813 270834
813 814 414983
814 815 104859
815 816 458553
816 817 575831
817 818 472785
818 819 959055
819 820 400395
820 821 425628
821 822 705106
822 823 553105
823 824 123244
824 825 204995
825 826 930877
826 827 825746
827 828 290122
828 829 622588
829 830 566181
830 831 728443
831 832 440257
832 833 261368
833 834 70296
834 835 41787
835 836 40040
836 837 233448
837 838 743525
838 839 924029
839 840 561839
840 841 474773
841 842 998765
842 843 326973
843 844 170036
844 845 175359
845 846 414068
846 847 578231
847 848 671887
848 849 292826
849 850 10180
850 851 382921
851 852 38443
852 853 453187
853 854 224010
854 855 552062
855 856 707811
856 857 922520
857 858 987291
858 859 415344
859 860 354629
860 861 997626
861 862 731561
862 863 65556
863 864 85143
864 865 428137
865 866 261634
866 867 160998
867 868 255039
868 869 43436
869 870 229424
870 871 806956
871 872 670599
872 873 756459
873 874 210769
874 875 533984
875 876 893910
876 877 283833
877 878 628767
878 879 739439
879 880 800437
880 881 153851
881 882 396046
882 883 215379
883 884 953721
884 885 623373
885 886 777105
886 887 189055
887 888 295342
888 889 230218
889 890 558541
890 891 919156
891 892 449199
892 893 484637
893 894 204703
894 895 388339
895 896 19867
896 897 213065
897 898 566933
898 899 134164
899 900 294984
900 901 577163
901 902 898500
902 903 691017
903 904 738193
904 905 690737
905 906 946120
906 907 97346
907 908 981361
908 909 142624
909 910 141976
910 911 294503
911 912 763179
912 913 631174
913 914 273797
914 915 770074
915 916 753010
916 917 683407
917 918 793089
918 919 787863
919 920 593992
920 921 603435
921 922 575821
922 923 760514
923 924 827266
924 925 430072
925 926 254944
926 927 543356
927 928 817500
928 929 994872
929 930 390187
930 931 420386
931 932 776311
932 933 67503
933 934 741206
934 935 193548
935 936 835785
936 937 692949
937 938 605797
938 939 887214
939 940 620973
940 941 795389
941 942 114915
942 943 746586
943 944 260553
944 945 563987
945 946 770069
946 947 902010
947 948 93924
948 949 390522
949 950 287548
950 951 340365
951 952 314630
952 953 96971
953 954 651901
954 955 544567
955 956 656791
956 957 467872
957 958 146878
958 959 24401
959 960 647567
960 961 982480
961 962 664281
962 963 32596
963 964 902840
964 965 185111
965 966 593574
966 967 439167
967 968 970123
968 969 129550
969 970 758531
970 971 172664
971 972 421528
972 973 754222
973 974 913376
974 975 494233
975 976 633997
976 977 501778
977 978 902201
978 979 146212
979 980 722124
980 981 592819
981 982 104323
982 983 957011
983 984 135135
984 985 359180
985 986 496885
986 987 766249
987 988 514801
988 989 477703
989 990 708775
990 991 213493
991 992 709012
992 993 581028
993 994 440567
994 995 588322
995 996 881366
996 997 161307
997 998 954373
998 999 498764
999 1000 281351
