1000 1998
168 169 1
272 273 1
1 675 1000000
743 744 1
1 9 1000000
1 384 1000000
1 959 1000000
1 360 1000000
1 250 1000000
1 489 1000000
1 944 1000000
1 559 1000000
1 209 1000000
1 676 1000000
1 809 1000000
1 921 1000000
1 621 1000000
99 100 1
631 632 1
1 54 1000000
974 975 1
1 386 1000000
755 756 1
1 881 1000000
369 370 1
1 63 1000000
58 59 1
1 761 1000000
321 322 1
875 876 1
279 280 1
1 122 1000000
1 329 1000000
59 60 1
18 19 1
1 844 1000000
1 718 1000000
1 975 1000000
907 908 1
979 980 1
355 356 1
1 593 1000000
57 58 1
1 724 1000000
1 308 1000000
613 614 1
973 974 1
713 714 1
827 828 1
1 161 1000000
1 447 1000000
573 574 1
679 680 1
1 678 1000000
963 964 1
171 172 1
1 711 1000000
1 822 1000000
1 41 1000000
900 901 1
1 772 1000000
1 542 1000000
571 572 1
1 253 1000000
1 321 1000000
629 630 1
556 557 1
442 443 1
88 89 1
1 46 1000000
1 186 1000000
1 305 1000000
1 728 1000000
1 5 1000000
1 831 1000000
411 412 1
1 149 1000000
510 511 1
1 215 1000000
1 162 1000000
676 677 1
306 307 1
1 793 1000000
491 492 1
346 347 1
913 914 1
840 841 1
1 350 1000000
278 279 1
1 841 1000000
720 721 1
532 533 1
627 628 1
564 565 1
1 812 1000000
768 769 1
283 284 1
326 327 1
1 827 1000000
1 579 1000000
1 705 1000000
115 116 1
1 570 1000000
1 368 1000000
1 512 1000000
238 239 1
416 417 1
370 371 1
1 653 1000000
938 939 1
25 26 1
271 272 1
993 994 1
1 516 1000000
857 858 1
1 436 1000000
758 759 1
512 513 1
1 937 1000000
1 736 1000000
1 433 1000000
1 981 1000000
866 867 1
1 315 1000000
874 875 1
2 3 1
584 585 1
794 795 1
1 605 1000000
427 428 1
1 758 1000000
1 873 1000000
1 397 1000000
1 376 1000000
1 961 1000000
968 969 1
289 290 1
1 452 1000000
886 887 1
24 25 1
869 870 1
1 82 1000000
752 753 1
859 860 1
951 952 1
1 974 1000000
622 623 1
419 420 1
1 68 1000000
198 199 1
1 89 1000000
812 813 1
696 697 1
1 70 1000000
1 95 1000000
259 260 1
600 601 1
1 378 1000000
1 252 1000000
1 684 1000000
399 400 1
893 894 1
184 185 1
1 735 1000000
1 770 1000000
847 848 1
1 825 1000000
730 731 1
1 119 1000000
64 65 1
550 551 1
1 730 1000000
1 306 1000000
1 814 1000000
1 338 1000000
734 735 1
1 503 1000000
1 307 1000000
1 224 1000000
1 557 1000000
1 577 1000000
1 2 1
1 395 1000000
1 732 1000000
936 937 1
830 831 1
1 348 1000000
1 870 1000000
27 28 1
125 126 1
441 442 1
1 177 1000000
749 750 1
591 592 1
737 738 1
17 18 1
651 652 1
1 738 1000000
304 305 1
660 661 1
217 218 1
883 884 1
1 491 1000000
1 813 1000000
367 368 1
417 418 1
904 905 1
235 236 1
81 82 1
485 486 1
1 643 1000000
1 96 1000000
210 211 1
555 556 1
221 222 1
494 495 1
358 359 1
725 726 1
1 777 1000000
517 518 1
1 498 1000000
263 264 1
876 877 1
1 377 1000000
151 152 1
336 337 1
721 722 1
659 660 1
816 817 1
1 230 1000000
1 703 1000000
817 818 1
1 174 1000000
1 227 1000000
1 568 1000000
1 104 1000000
1 863 1000000
193 194 1
1 23 1000000
880 881 1
1 501 1000000
1 221 1000000
262 263 1
1 755 1000000
292 293 1
1 134 1000000
1 105 1000000
1 842 1000000
309 310 1
85 86 1
793 794 1
1 622 1000000
1 91 1000000
472 473 1
508 509 1
118 119 1
1 160 1000000
837 838 1
1 22 1000000
261 262 1
657 658 1
37 38 1
715 716 1
1 538 1000000
32 33 1
581 582 1
1 843 1000000
1 744 1000000
189 190 1
387 388 1
948 949 1
1 781 1000000
1 440 1000000
314 315 1
1 262 1000000
448 449 1
988 989 1
1 273 1000000
585 586 1
962 963 1
1 816 1000000
1 764 1000000
1 586 1000000
1 247 1000000
667 668 1
1 170 1000000
726 727 1
639 640 1
748 749 1
344 345 1
718 719 1
266 267 1
597 598 1
535 536 1
1 270 1000000
1 439 1000000
273 274 1
1 852 1000000
1 874 1000000
822 823 1
1 383 1000000
464 465 1
1 858 1000000
1 979 1000000
52 53 1
1 893 1000000
1 468 1000000
1 199 1000000
583 584 1
1 192 1000000
699 700 1
301 302 1
503 504 1
1 151 1000000
894 895 1
838 839 1
360 361 1
999 1000 1
364 365 1
1 83 1000000
1 587 1000000
572 573 1
714 715 1
1 427 1000000
1 619 1000000
632 633 1
1 751 1000000
1 857 1000000
1 114 1000000
1 530 1000000
772 773 1
505 506 1
1 371 1000000
1 137 1000000
909 910 1
1 40 1000000
1 555 1000000
146 147 1
1 461 1000000
1 810 1000000
1 291 1000000
520 521 1
1 720 1000000
790 791 1
284 285 1
1 639 1000000
1 549 1000000
197 198 1
521 522 1
1 957 1000000
329 330 1
463 464 1
70 71 1
181 182 1
86 87 1
1 25 1000000
187 188 1
207 208 1
98 99 1
19 20 1
327 328 1
959 960 1
325 326 1
1 379 1000000
992 993 1
476 477 1
1 3 1000000
615 616 1
1 293 1000000
330 331 1
1 157 1000000
803 804 1
1 297 1000000
161 162 1
1 316 1000000
1 451 1000000
400 401 1
1 743 1000000
1 667 1000000
169 170 1
498 499 1
683 684 1
1 142 1000000
1 583 1000000
1 319 1000000
324 325 1
773 774 1
435 436 1
1 406 1000000
122 123 1
21 22 1
704 705 1
833 834 1
1 818 1000000
887 888 1
971 972 1
884 885 1
641 642 1
1 343 1000000
1 655 1000000
247 248 1
853 854 1
1 202 1000000
580 581 1
1 885 1000000
1 713 1000000
1 90 1000000
1 146 1000000
756 757 1
1 987 1000000
1 144 1000000
754 755 1
396 397 1
320 321 1
766 767 1
1 244 1000000
1 749 1000000
1 48 1000000
1 43 1000000
1 830 1000000
1 836 1000000
134 135 1
934 935 1
609 610 1
1 518 1000000
1 875 1000000
1 340 1000000
776 777 1
286 287 1
537 538 1
872 873 1
1 241 1000000
862 863 1
860 861 1
775 776 1
1 680 1000000
1 259 1000000
761 762 1
1 882 1000000
1 519 1000000
1 854 1000000
1 848 1000000
1 879 1000000
215 216 1
1 824 1000000
1 391 1000000
322 323 1
1 364 1000000
611 612 1
343 344 1
290 291 1
203 204 1
802 803 1
935 936 1
1 963 1000000
407 408 1
1 513 1000000
1 978 1000000
896 897 1
1 954 1000000
1 434 1000000
1 835 1000000
1 510 1000000
1 392 1000000
825 826 1
440 441 1
656 657 1
1 445 1000000
1 894 1000000
998 999 1
1 281 1000000
1 415 1000000
1 581 1000000
1 279 1000000
1 637 1000000
1 38 1000000
1 686 1000000
1 798 1000000
574 575 1
83 84 1
606 607 1
224 225 1
1 618 1000000
1 790 1000000
1 2 1000000
1 196 1000000
1 757 1000000
1 156 1000000
1 256 1000000
515 516 1
1 486 1000000
1 325 1000000
352 353 1
1 113 1000000
1 635 1000000
1 905 1000000
1 864 1000000
1 426 1000000
1 833 1000000
131 132 1
1 172 1000000
911 912 1
655 656 1
53 54 1
565 566 1
1 709 1000000
1 912 1000000
1 525 1000000
829 830 1
903 904 1
1 910 1000000
506 507 1
357 358 1
1 457 1000000
1 799 1000000
1 865 1000000
1 786 1000000
950 951 1
1 923 1000000
942 943 1
1 573 1000000
770 771 1
542 543 1
214 215 1
1 21 1000000
813 814 1
1 141 1000000
132 133 1
1 662 1000000
6 7 1
335 336 1
409 410 1
798 799 1
969 970 1
1 84 1000000
519 520 1
1 465 1000000
785 786 1
1 545 1000000
175 176 1
1 280 1000000
1 108 1000000
1 759 1000000
1 8 1000000
1 849 1000000
799 800 1
779 780 1
480 481 1
446 447 1
379 380 1
680 681 1
1 996 1000000
270 271 1
526 527 1
1 500 1000000
1 554 1000000
1 562 1000000
341 342 1
1 424 1000000
563 564 1
554 555 1
496 497 1
1 389 1000000
1 930 1000000
1 296 1000000
1 28 1000000
1 679 1000000
1 922 1000000
192 193 1
932 933 1
311 312 1
1 776 1000000
1 782 1000000
38 39 1
939 940 1
469 470 1
552 553 1
1 808 1000000
1 6 1000000
653 654 1
826 827 1
1 201 1000000
1 906 1000000
423 424 1
1 509 1000000
897 898 1
928 929 1
334 335 1
250 251 1
1 616 1000000
450 451 1
1 365 1000000
195 196 1
965 966 1
835 836 1
1 67 1000000
226 227 1
733 734 1
1 636 1000000
1 212 1000000
1 300 1000000
108 109 1
1 128 1000000
431 432 1
966 967 1
481 482 1
390 391 1
1 117 1000000
331 332 1
90 91 1
751 752 1
1 632 1000000
447 448 1
1 598 1000000
1 596 1000000
814 815 1
1 396 1000000
1 443 1000000
145 146 1
456 457 1
239 240 1
1 567 1000000
1 27 1000000
1 938 1000000
1 448 1000000
1 752 1000000
1 412 1000000
972 973 1
1 4 1000000
425 426 1
1 544 1000000
1 710 1000000
1 553 1000000
371 372 1
430 431 1
1 615 1000000
1 276 1000000
1 275 1000000
333 334 1
1 807 1000000
925 926 1
1 98 1000000
742 743 1
719 720 1
529 530 1
1 264 1000000
945 946 1
1 911 1000000
852 853 1
1 534 1000000
1 206 1000000
1 295 1000000
997 998 1
809 810 1
728 729 1
34 35 1
1 229 1000000
1 18 1000000
1 159 1000000
1 467 1000000
1 614 1000000
339 340 1
1 517 1000000
1 916 1000000
91 92 1
638 639 1
668 669 1
1 681 1000000
1 546 1000000
937 938 1
1 328 1000000
836 837 1
1 788 1000000
1 984 1000000
1 725 1000000
1 233 1000000
62 63 1
701 702 1
960 961 1
1 972 1000000
1 274 1000000
1 466 1000000
1 661 1000000
1 59 1000000
1 483 1000000
983 984 1
1 11 1000000
918 919 1
1 390 1000000
420 421 1
1 254 1000000
1 760 1000000
800 801 1
1 899 1000000
1 631 1000000
1 698 1000000
35 36 1
1 245 1000000
1 690 1000000
1 194 1000000
240 241 1
902 903 1
1 694 1000000
1 918 1000000
1 796 1000000
487 488 1
1 31 1000000
927 928 1
1 312 1000000
1 47 1000000
1 762 1000000
1 935 1000000
1 51 1000000
138 139 1
617 618 1
11 12 1
691 692 1
403 404 1
1 995 1000000
1 645 1000000
375 376 1
1 773 1000000
418 419 1
917 918 1
1 846 1000000
1 909 1000000
1 29 1000000
1 37 1000000
1 416 1000000
1 892 1000000
293 294 1
159 160 1
956 957 1
4 5 1
1 673 1000000
323 324 1
251 252 1
1 289 1000000
1 320 1000000
1 617 1000000
1 382 1000000
356 357 1
299 300 1
912 913 1
1 623 1000000
698 699 1
674 675 1
269 270 1
782 783 1
1 449 1000000
114 115 1
223 224 1
426 427 1
1 886 1000000
1 323 1000000
365 366 1
276 277 1
1 696 1000000
401 402 1
1 76 1000000
858 859 1
850 851 1
977 978 1
717 718 1
100 101 1
923 924 1
1 756 1000000
1 459 1000000
216 217 1
1 747 1000000
1 746 1000000
1 561 1000000
422 423 1
1 398 1000000
1 327 1000000
76 77 1
769 770 1
1 218 1000000
601 602 1
1 714 1000000
312 313 1
298 299 1
478 479 1
1 495 1000000
1 950 1000000
489 490 1
1 595 1000000
1 646 1000000
1 990 1000000
1 992 1000000
881 882 1
1 792 1000000
160 161 1
1 285 1000000
1 727 1000000
1 138 1000000
1 266 1000000
156 157 1
1 965 1000000
1 514 1000000
1 79 1000000
1 309 1000000
731 732 1
405 406 1
1 255 1000000
1 496 1000000
1 902 1000000
624 625 1
534 535 1
208 209 1
1 783 1000000
1 529 1000000
345 346 1
332 333 1
1 463 1000000
194 195 1
635 636 1
978 979 1
287 288 1
1 32 1000000
1 358 1000000
1 883 1000000
337 338 1
1 726 1000000
1 460 1000000
453 454 1
589 590 1
1 660 1000000
1 484 1000000
628 629 1
1 658 1000000
1 490 1000000
1 811 1000000
1 739 1000000
1 369 1000000
940 941 1
72 73 1
105 106 1
1 920 1000000
123 124 1
1 345 1000000
1 139 1000000
121 122 1
1 913 1000000
553 554 1
636 637 1
1 903 1000000
1 952 1000000
602 603 1
340 341 1
1 326 1000000
1 235 1000000
1 642 1000000
566 567 1
1 628 1000000
839 840 1
359 360 1
1 804 1000000
1 367 1000000
1 355 1000000
1 537 1000000
706 707 1
516 517 1
374 375 1
1 945 1000000
475 476 1
468 469 1
212 213 1
1 733 1000000
274 275 1
1 505 1000000
1 960 1000000
1 278 1000000
1 956 1000000
1 993 1000000
75 76 1
1 607 1000000
26 27 1
1 455 1000000
1 431 1000000
1 238 1000000
474 475 1
1 707 1000000
570 571 1
1 469 1000000
1 219 1000000
1 352 1000000
1 933 1000000
1 597 1000000
1 480 1000000
1 106 1000000
670 671 1
255 256 1
1 124 1000000
178 179 1
1 499 1000000
682 683 1
1 261 1000000
362 363 1
1 609 1000000
1 173 1000000
1 604 1000000
406 407 1
466 467 1
65 66 1
1 214 1000000
961 962 1
1 370 1000000
1 716 1000000
1 803 1000000
1 353 1000000
291 292 1
1 428 1000000
929 930 1
92 93 1
308 309 1
242 243 1
1 613 1000000
947 948 1
398 399 1
1 407 1000000
1 110 1000000
218 219 1
684 685 1
1 983 1000000
48 49 1
1 456 1000000
1 533 1000000
575 576 1
1 969 1000000
141 142 1
528 529 1
1 997 1000000
1 251 1000000
16 17 1
1 478 1000000
504 505 1
739 740 1
1 155 1000000
457 458 1
1 891 1000000
522 523 1
1 527 1000000
744 745 1
30 31 1
1 731 1000000
895 896 1
933 934 1
1 211 1000000
1 409 1000000
908 909 1
1 458 1000000
1 750 1000000
1 880 1000000
139 140 1
28 29 1
1 176 1000000
1 860 1000000
502 503 1
1 511 1000000
801 802 1
1 855 1000000
844 845 1
174 175 1
1 425 1000000
144 145 1
206 207 1
1 699 1000000
1 695 1000000
1 438 1000000
910 911 1
136 137 1
1 504 1000000
1 120 1000000
173 174 1
712 713 1
488 489 1
1 303 1000000
120 121 1
854 855 1
1 61 1000000
149 150 1
1 953 1000000
970 971 1
890 891 1
1 204 1000000
1 964 1000000
1 410 1000000
1 20 1000000
1 526 1000000
1 183 1000000
382 383 1
232 233 1
1 688 1000000
899 900 1
851 852 1
787 788 1
901 902 1
1 42 1000000
1 839 1000000
67 68 1
709 710 1
22 23 1
1 985 1000000
162 163 1
1 66 1000000
578 579 1
1 58 1000000
1 564 1000000
1 838 1000000
188 189 1
1 536 1000000
987 988 1
1 375 1000000
1 184 1000000
211 212 1
307 308 1
1 13 1000000
695 696 1
1 878 1000000
1 118 1000000
302 303 1
1 687 1000000
1 531 1000000
1 977 1000000
1 277 1000000
1 171 1000000
1 454 1000000
1 729 1000000
919 920 1
1 700 1000000
1 75 1000000
460 461 1
54 55 1
642 643 1
277 278 1
644 645 1
1 946 1000000
437 438 1
96 97 1
1 942 1000000
705 706 1
759 760 1
1 213 1000000
256 257 1
434 435 1
645 646 1
648 649 1
975 976 1
1 955 1000000
567 568 1
811 812 1
1 265 1000000
1 411 1000000
916 917 1
1 217 1000000
45 46 1
1 900 1000000
501 502 1
905 906 1
353 354 1
1 36 1000000
1 243 1000000
1 310 1000000
1 366 1000000
1 599 1000000
1 769 1000000
1 100 1000000
461 462 1
530 531 1
949 950 1
1 508 1000000
1 257 1000000
1 166 1000000
1 318 1000000
514 515 1
1 381 1000000
1 558 1000000
1 112 1000000
1 361 1000000
117 118 1
315 316 1
1 702 1000000
412 413 1
1 99 1000000
1 928 1000000
663 664 1
842 843 1
1 819 1000000
1 612 1000000
1 949 1000000
678 679 1
1 840 1000000
889 890 1
297 298 1
1 140 1000000
219 220 1
1 925 1000000
1 659 1000000
1 437 1000000
5 6 1
608 609 1
1 73 1000000
1 123 1000000
1 165 1000000
1 563 1000000
1 715 1000000
1 766 1000000
111 112 1
1 805 1000000
996 997 1
1 815 1000000
1 488 1000000
1 242 1000000
518 519 1
1 12 1000000
1 362 1000000
1 640 1000000
1 422 1000000
135 136 1
1 704 1000000
1 624 1000000
1 898 1000000
1 820 1000000
1 717 1000000
1 826 1000000
1 388 1000000
675 676 1
1 222 1000000
1 897 1000000
781 782 1
1 492 1000000
1 872 1000000
1 784 1000000
1 797 1000000
619 620 1
561 562 1
15 16 1
664 665 1
1 721 1000000
163 164 1
196 197 1
616 617 1
1 520 1000000
774 775 1
1 85 1000000
1 664 1000000
1 566 1000000
1 81 1000000
789 790 1
1 417 1000000
1 791 1000000
1 234 1000000
473 474 1
685 686 1
1 689 1000000
1 1000 1000000
595 596 1
483 484 1
1 430 1000000
281 282 1
43 44 1
1 339 1000000
1 462 1000000
389 390 1
1 966 1000000
1 314 1000000
116 117 1
1 225 1000000
870 871 1
1 421 1000000
1 125 1000000
179 180 1
1 470 1000000
1 630 1000000
1 745 1000000
722 723 1
1 158 1000000
1 331 1000000
1 600 1000000
618 619 1
634 635 1
1 958 1000000
527 528 1
760 761 1
545 546 1
1 474 1000000
1 77 1000000
119 120 1
13 14 1
354 355 1
1 866 1000000
490 491 1
1 565 1000000
1 941 1000000
723 724 1
449 450 1
831 832 1
716 717 1
1 487 1000000
1 450 1000000
1 851 1000000
1 629 1000000
546 547 1
1 556 1000000
414 415 1
767 768 1
931 932 1
1 220 1000000
80 81 1
626 627 1
891 892 1
1 476 1000000
1 19 1000000
688 689 1
486 487 1
459 460 1
1 548 1000000
1 302 1000000
467 468 1
39 40 1
130 131 1
1 973 1000000
757 758 1
797 798 1
792 793 1
150 151 1
710 711 1
926 927 1
10 11 1
1 774 1000000
433 434 1
873 874 1
643 644 1
1 153 1000000
1 884 1000000
1 641 1000000
621 622 1
871 872 1
652 653 1
598 599 1
1 543 1000000
392 393 1
724 725 1
1 232 1000000
1 708 1000000
1 868 1000000
1 602 1000000
569 570 1
445 446 1
68 69 1
832 833 1
610 611 1
78 79 1
1 299 1000000
1 287 1000000
1 322 1000000
877 878 1
1 78 1000000
1 924 1000000
137 138 1
1 677 1000000
1 26 1000000
1 541 1000000
882 883 1
750 751 1
113 114 1
1 237 1000000
1 633 1000000
342 343 1
1 523 1000000
511 512 1
368 369 1
1 652 1000000
576 577 1
477 478 1
878 879 1
413 414 1
1 94 1000000
1 179 1000000
587 588 1
234 235 1
1 354 1000000
1 663 1000000
661 662 1
1 801 1000000
1 915 1000000
95 96 1
280 281 1
1 590 1000000
1 914 1000000
885 886 1
165 166 1
982 983 1
791 792 1
275 276 1
1 539 1000000
946 947 1
1 429 1000000
1 69 1000000
236 237 1
1 817 1000000
264 265 1
143 144 1
107 108 1
1 665 1000000
87 88 1
77 78 1
1 608 1000000
1 669 1000000
1 405 1000000
1 130 1000000
746 747 1
220 221 1
582 583 1
380 381 1
428 429 1
1 175 1000000
1 998 1000000
1 789 1000000
129 130 1
1 896 1000000
1 887 1000000
1 87 1000000
424 425 1
378 379 1
1 522 1000000
1 591 1000000
647 648 1
1 420 1000000
989 990 1
49 50 1
646 647 1
1 493 1000000
73 74 1
313 314 1
1 403 1000000
1 951 1000000
1 778 1000000
479 480 1
1 697 1000000
164 165 1
995 996 1
170 171 1
1 932 1000000
455 456 1
1 795 1000000
1 626 1000000
1 821 1000000
209 210 1
1 188 1000000
694 695 1
1 691 1000000
421 422 1
805 806 1
1 654 1000000
305 306 1
649 650 1
828 829 1
1 223 1000000
183 184 1
1 333 1000000
1 594 1000000
97 98 1
771 772 1
745 746 1
1 30 1000000
1 876 1000000
394 395 1
1 601 1000000
1 584 1000000
1 540 1000000
700 701 1
538 539 1
650 651 1
51 52 1
397 398 1
89 90 1
1 413 1000000
381 382 1
559 560 1
1 226 1000000
71 72 1
1 625 1000000
1 240 1000000
1 779 1000000
922 923 1
1 145 1000000
1 168 1000000
451 452 1
1 16 1000000
1 290 1000000
729 730 1
1 861 1000000
465 466 1
225 226 1
153 154 1
124 125 1
1 473 1000000
1 919 1000000
980 981 1
1 49 1000000
590 591 1
1 101 1000000
991 992 1
415 416 1
603 604 1
443 444 1
1 479 1000000
861 862 1
1 649 1000000
1 991 1000000
577 578 1
438 439 1
1 55 1000000
1 231 1000000
288 289 1
740 741 1
492 493 1
282 283 1
1 56 1000000
544 545 1
1 571 1000000
166 167 1
1 180 1000000
257 258 1
204 205 1
296 297 1
1 216 1000000
182 183 1
1 351 1000000
393 394 1
1 236 1000000
60 61 1
1 363 1000000
1 829 1000000
1 404 1000000
1 800 1000000
1 258 1000000
1 283 1000000
1 929 1000000
1 904 1000000
1 198 1000000
1 62 1000000
452 453 1
1 80 1000000
1 485 1000000
1 121 1000000
1 901 1000000
1 787 1000000
328 329 1
1 53 1000000
470 471 1
44 45 1
74 75 1
533 534 1
1 976 1000000
1 418 1000000
788 789 1
1 551 1000000
1 387 1000000
1 701 1000000
1 651 1000000
1 895 1000000
1 535 1000000
1 971 1000000
152 153 1
981 982 1
316 317 1
373 374 1
1 190 1000000
623 624 1
586 587 1
1 446 1000000
1 336 1000000
1 239 1000000
594 595 1
1 740 1000000
1 181 1000000
711 712 1
1 330 1000000
1 304 1000000
677 678 1
1 936 1000000
1 988 1000000
1 311 1000000
1 169 1000000
557 558 1
303 304 1
855 856 1
1 574 1000000
167 168 1
84 85 1
1 86 1000000
1 385 1000000
846 847 1
1 722 1000000
1 374 1000000
783 784 1
845 846 1
1 373 1000000
531 532 1
462 463 1
213 214 1
8 9 1
741 742 1
1 753 1000000
1 135 1000000
692 693 1
620 621 1
1 968 1000000
1 317 1000000
596 597 1
1 823 1000000
1 349 1000000
687 688 1
892 893 1
258 259 1
1 692 1000000
1 298 1000000
1 506 1000000
47 48 1
1 620 1000000
921 922 1
1 187 1000000
558 559 1
1 588 1000000
1 271 1000000
1 35 1000000
1 524 1000000
1 674 1000000
821 822 1
640 641 1
1 39 1000000
1 34 1000000
1 970 1000000
1 263 1000000
1 269 1000000
249 250 1
1 507 1000000
1 136 1000000
1 989 1000000
654 655 1
1 650 1000000
1 794 1000000
1 185 1000000
702 703 1
500 501 1
1 380 1000000
607 608 1
735 736 1
1 606 1000000
133 134 1
864 865 1
568 569 1
914 915 1
681 682 1
41 42 1
697 698 1
246 247 1
1 547 1000000
599 600 1
1 850 1000000
1 670 1000000
482 483 1
1 337 1000000
1 344 1000000
1 414 1000000
954 955 1
1 324 1000000
14 15 1
1 862 1000000
863 864 1
539 540 1
1 88 1000000
1 834 1000000
3 4 1
547 548 1
823 824 1
671 672 1
810 811 1
201 202 1
285 286 1
1 634 1000000
1 999 1000000
248 249 1
294 295 1
1 578 1000000
1 610 1000000
1 393 1000000
348 349 1
1 521 1000000
1 907 1000000
780 781 1
630 631 1
985 986 1
1 107 1000000
1 208 1000000
1 246 1000000
154 155 1
549 550 1
1 931 1000000
906 907 1
190 191 1
689 690 1
186 187 1
604 605 1
388 389 1
924 925 1
1 532 1000000
404 405 1
824 825 1
707 708 1
1 611 1000000
1 249 1000000
1 150 1000000
1 723 1000000
402 403 1
366 367 1
605 606 1
1 967 1000000
1 657 1000000
1 638 1000000
1 357 1000000
157 158 1
158 159 1
36 37 1
1 494 1000000
106 107 1
588 589 1
103 104 1
1 191 1000000
1 116 1000000
1 441 1000000
920 921 1
1 50 1000000
20 21 1
1 502 1000000
1 193 1000000
454 455 1
1 432 1000000
347 348 1
50 51 1
497 498 1
1 481 1000000
1 444 1000000
338 339 1
507 508 1
391 392 1
1 734 1000000
1 313 1000000
662 663 1
509 510 1
658 659 1
796 797 1
1 947 1000000
1 268 1000000
1 72 1000000
384 385 1
815 816 1
1 102 1000000
484 485 1
1 477 1000000
1 260 1000000
1 109 1000000
738 739 1
383 384 1
686 687 1
349 350 1
1 341 1000000
1 926 1000000
386 387 1
1 627 1000000
1 671 1000000
849 850 1
243 244 1
777 778 1
268 269 1
944 945 1
1 685 1000000
1 464 1000000
804 805 1
708 709 1
1 982 1000000
69 70 1
1 806 1000000
260 261 1
31 32 1
1 33 1000000
807 808 1
633 634 1
1 133 1000000
1 60 1000000
693 694 1
1 908 1000000
1 742 1000000
1 552 1000000
319 320 1
1 401 1000000
1 189 1000000
410 411 1
1 408 1000000
1 92 1000000
879 880 1
1 682 1000000
1 832 1000000
1 889 1000000
819 820 1
952 953 1
1 284 1000000
1 10 1000000
543 544 1
1 948 1000000
1 472 1000000
55 56 1
548 549 1
1 576 1000000
128 129 1
673 674 1
395 396 1
1 589 1000000
7 8 1
1 14 1000000
237 238 1
955 956 1
310 311 1
808 809 1
1 356 1000000
523 524 1
764 765 1
1 859 1000000
147 148 1
525 526 1
1 167 1000000
1 648 1000000
614 615 1
1 644 1000000
363 364 1
690 691 1
765 766 1
868 869 1
23 24 1
180 181 1
317 318 1
172 173 1
943 944 1
493 494 1
254 255 1
1 93 1000000
1 471 1000000
1 132 1000000
967 968 1
265 266 1
665 666 1
1 347 1000000
818 819 1
1 154 1000000
806 807 1
439 440 1
666 667 1
1 475 1000000
1 560 1000000
1 666 1000000
612 613 1
244 245 1
1 706 1000000
593 594 1
361 362 1
1 668 1000000
1 342 1000000
915 916 1
202 203 1
1 569 1000000
1 763 1000000
295 296 1
1 294 1000000
229 230 1
94 95 1
1 272 1000000
1 359 1000000
1 845 1000000
233 234 1
762 763 1
351 352 1
1 737 1000000
625 626 1
592 593 1
930 931 1
1 693 1000000
1 399 1000000
524 525 1
1 182 1000000
953 954 1
984 985 1
1 515 1000000
227 228 1
1 402 1000000
253 254 1
1 200 1000000
747 748 1
1 453 1000000
1 7 1000000
1 126 1000000
245 246 1
1 482 1000000
560 561 1
786 787 1
1 164 1000000
222 223 1
1 148 1000000
753 754 1
1 147 1000000
109 110 1
1 962 1000000
727 728 1
499 500 1
1 877 1000000
408 409 1
93 94 1
540 541 1
1 228 1000000
1 400 1000000
377 378 1
372 373 1
1 152 1000000
958 959 1
1 802 1000000
12 13 1
228 229 1
1 103 1000000
1 765 1000000
1 129 1000000
1 131 1000000
541 542 1
1 572 1000000
318 319 1
127 128 1
1 927 1000000
1 65 1000000
385 386 1
101 102 1
1 871 1000000
1 719 1000000
898 899 1
1 785 1000000
82 83 1
1 603 1000000
1 748 1000000
176 177 1
1 780 1000000
1 423 1000000
1 195 1000000
1 163 1000000
1 986 1000000
513 514 1
1 57 1000000
1 282 1000000
1 332 1000000
964 965 1
1 497 1000000
986 987 1
1 74 1000000
102 103 1
177 178 1
1 143 1000000
1 768 1000000
867 868 1
155 156 1
1 435 1000000
56 57 1
1 44 1000000
888 889 1
1 15 1000000
1 334 1000000
1 853 1000000
1 64 1000000
820 821 1
471 472 1
784 785 1
40 41 1
300 301 1
763 764 1
350 351 1
140 141 1
1 419 1000000
185 186 1
205 206 1
112 113 1
669 670 1
1 775 1000000
1 301 1000000
778 779 1
1 847 1000000
1 115 1000000
1 197 1000000
957 958 1
976 977 1
61 62 1
990 991 1
856 857 1
241 242 1
732 733 1
1 712 1000000
1 585 1000000
841 842 1
865 866 1
1 394 1000000
1 837 1000000
834 835 1
1 346 1000000
1 442 1000000
142 143 1
941 942 1
843 844 1
1 24 1000000
42 43 1
495 496 1
1 754 1000000
110 111 1
66 67 1
562 563 1
795 796 1
9 10 1
1 917 1000000
536 537 1
1 45 1000000
1 888 1000000
1 127 1000000
1 292 1000000
199 200 1
1 767 1000000
63 64 1
1 580 1000000
1 97 1000000
1 980 1000000
148 149 1
1 71 1000000
104 105 1
458 459 1
1 828 1000000
994 995 1
551 552 1
1 372 1000000
1 207 1000000
1 288 1000000
672 673 1
1 994 1000000
29 30 1
1 867 1000000
436 437 1
736 737 1
1 550 1000000
1 575 1000000
126 127 1
1 52 1000000
1 17 1000000
1 939 1000000
252 253 1
1 647 1000000
703 704 1
1 592 1000000
1 335 1000000
1 890 1000000
191 192 1
230 231 1
267 268 1
33 34 1
444 445 1
637 638 1
79 80 1
1 940 1000000
376 377 1
1 771 1000000
1 248 1000000
1 869 1000000
200 201 1
1 672 1000000
231 232 1
1 286 1000000
1 943 1000000
1 856 1000000
1 178 1000000
1 111 1000000
1 205 1000000
1 683 1000000
1 267 1000000
1 203 1000000
1 582 1000000
1 656 1000000
46 47 1
432 433 1
848 849 1
1 528 1000000
1 741 1000000
429 430 1
579 580 1
1 210 1000000
1 934 1000000
