35 595
1 2 333
1 3 49
1 4 154
1 5 44
1 6 963
1 7 502
1 8 881
1 9 132
1 10 616
1 11 493
1 12 994
1 13 527
1 14 327
1 15 467
1 16 375
1 17 865
1 18 581
1 19 371
1 20 833
1 21 780
1 22 430
1 23 115
1 24 682
1 25 48
1 26 327
1 27 641
1 28 124
1 29 234
1 30 34
1 31 159
1 32 669
1 33 961
1 34 248
1 35 368
2 3 602
2 4 426
2 5 442
2 6 808
2 7 914
2 8 362
2 9 260
2 10 522
2 11 11
2 12 74
2 13 474
2 14 352
2 15 161
2 16 272
2 17 880
2 18 748
2 19 75
2 20 289
2 21 67
2 22 950
2 23 134
2 24 511
2 25 388
2 26 824
2 27 67
2 28 996
2 29 808
2 30 370
2 31 597
2 32 996
2 33 95
2 34 618
2 35 648
3 4 382
3 5 674
3 6 290
3 7 626
3 8 97
3 9 103
3 10 863
3 11 380
3 12 111
3 13 262
3 14 305
3 15 814
3 16 423
3 17 705
3 18 377
3 19 321
3 20 204
3 21 222
3 22 929
3 23 812
3 24 750
3 25 524
3 26 858
3 27 416
3 28 524
3 29 292
3 30 718
3 31 528
3 32 396
3 33 384
3 34 473
3 35 192
4 5 24
4 6 973
4 7 42
4 8 145
4 9 346
4 10 85
4 11 517
4 12 844
4 13 601
4 14 476
4 15 793
4 16 744
4 17 813
4 18 721
4 19 565
4 20 278
4 21 878
4 22 578
4 23 607
4 24 715
4 25 408
4 26 668
4 27 971
4 28 17
4 29 321
4 30 859
4 31 605
4 32 142
4 33 958
4 34 801
4 35 943
5 6 139
5 7 105
5 8 712
5 9 459
5 10 474
5 11 142
5 12 38
5 13 440
5 14 757
5 15 413
5 16 584
5 17 689
5 18 327
5 19 180
5 20 271
5 21 131
5 22 138
5 23 479
5 24 215
5 25 103
5 26 306
5 27 929
5 28 950
5 29 213
5 30 835
5 31 805
5 32 189
5 33 959
5 34 421
5 35 531
6 7 878
6 8 814
6 9 531
6 10 489
6 11 249
6 12 353
6 13 217
6 14 17
6 15 987
6 16 881
6 17 300
6 18 670
6 19 215
6 20 0
6 21 356
6 22 555
6 23 232
6 24 40
6 25 312
6 26 977
6 27 66
6 28 210
6 29 596
6 30 319
6 31 2
6 32 171
6 33 560
6 34 658
6 35 600
7 8 439
7 9 619
7 10 539
7 11 360
7 12 462
7 13 238
7 14 720
7 15 841
7 16 532
7 17 311
7 18 301
7 19 673
7 20 809
7 21 220
7 22 45
7 23 652
7 24 103
7 25 378
7 26 1
7 27 618
7 28 633
7 29 206
7 30 629
7 31 521
7 32 762
7 33 48
7 34 739
7 35 947
8 9 817
8 10 760
8 11 455
8 12 170
8 13 537
8 14 19
8 15 266
8 16 313
8 17 492
8 18 143
8 19 369
8 20 672
8 21 738
8 22 961
8 23 238
8 24 618
8 25 929
8 26 597
8 27 321
8 28 55
8 29 150
8 30 72
8 31 812
8 32 650
8 33 969
8 34 227
8 35 684
9 10 424
9 11 316
9 12 697
9 13 837
9 14 962
9 15 323
9 16 22
9 17 655
9 18 338
9 19 632
9 20 453
9 21 238
9 22 440
9 23 363
9 24 166
9 25 597
9 26 71
9 27 699
9 28 756
9 29 335
9 30 560
9 31 251
9 32 967
9 33 181
9 34 46
9 35 179
10 11 831
10 12 539
10 13 786
10 14 150
10 15 878
10 16 866
10 17 536
10 18 185
10 19 384
10 20 766
10 21 292
10 22 687
10 23 526
10 24 86
10 25 26
10 26 71
10 27 992
10 28 517
10 29 124
10 30 220
10 31 68
10 32 659
10 33 903
10 34 578
10 35 190
11 12 615
11 13 671
11 14 650
11 15 647
11 16 957
11 17 322
11 18 957
11 19 657
11 20 998
11 21 453
11 22 787
11 23 467
11 24 660
11 25 321
11 26 24
11 27 254
11 28 15
11 29 319
11 30 336
11 31 461
11 32 243
11 33 7
11 34 307
11 35 714
12 13 205
12 14 883
12 15 163
12 16 29
12 17 398
12 18 557
12 19 359
12 20 597
12 21 907
12 22 256
12 23 447
12 24 19
12 25 819
12 26 682
12 27 753
12 28 277
12 29 290
12 30 572
12 31 281
12 32 354
12 33 666
12 34 990
12 35 954
13 14 241
13 15 757
13 16 257
13 17 475
13 18 651
13 19 263
13 20 175
13 21 78
13 22 126
13 23 329
13 24 586
13 25 298
13 26 446
13 27 867
13 28 690
13 29 40
13 30 420
13 31 707
13 32 387
13 33 244
13 34 371
13 35 179
14 15 627
14 16 590
14 17 404
14 18 807
14 19 954
14 20 776
14 21 905
14 22 916
14 23 274
14 24 403
14 25 612
14 26 264
14 27 321
14 28 535
14 29 745
14 30 615
14 31 676
14 32 450
14 33 608
14 34 396
14 35 101
15 16 799
15 17 276
15 18 314
15 19 14
15 20 549
15 21 931
15 22 307
15 23 66
15 24 599
15 25 292
15 26 306
15 27 214
15 28 752
15 29 269
15 30 281
15 31 654
15 32 487
15 33 406
15 34 683
15 35 871
16 17 785
16 18 745
16 19 523
16 20 709
16 21 402
16 22 774
16 23 264
16 24 186
16 25 129
16 26 587
16 27 519
16 28 511
16 29 883
16 30 172
16 31 432
16 32 812
16 33 491
16 34 831
16 35 118
17 18 111
17 19 147
17 20 985
17 21 687
17 22 677
17 23 915
17 24 465
17 25 770
17 26 4
17 27 919
17 28 357
17 29 500
17 30 892
17 31 80
17 32 157
17 33 713
17 34 476
17 35 619
18 19 115
18 20 774
18 21 757
18 22 871
18 23 685
18 24 976
18 25 698
18 26 855
18 27 736
18 28 344
18 29 258
18 30 841
18 31 400
18 32 585
18 33 536
18 34 916
18 35 835
19 20 943
19 21 763
19 22 619
19 23 76
19 24 203
19 25 209
19 26 758
19 27 530
19 28 507
19 29 342
19 30 729
19 31 214
19 32 347
19 33 444
19 34 888
19 35 399
20 21 403
20 22 672
20 23 278
20 24 772
20 25 529
20 26 643
20 27 236
20 28 702
20 29 365
20 30 429
20 31 260
20 32 627
20 33 171
20 34 331
20 35 691
21 22 525
21 23 414
21 24 352
21 25 305
21 26 900
21 27 543
21 28 973
21 29 114
21 30 822
21 31 569
21 32 160
21 33 788
21 34 817
21 35 898
22 23 117
22 24 541
22 25 899
22 26 623
22 27 113
22 28 628
22 29 229
22 30 211
22 31 872
22 32 316
22 33 539
22 34 101
22 35 782
23 24 853
23 25 422
23 26 209
23 27 307
23 28 511
23 29 710
23 30 312
23 31 310
23 32 872
23 33 834
23 34 160
23 35 481
24 25 371
24 26 845
24 27 897
24 28 46
24 29 860
24 30 354
24 31 882
24 32 284
24 33 263
24 34 206
24 35 8
25 26 314
25 27 714
25 28 384
25 29 474
25 30 222
25 31 186
25 32 643
25 33 655
25 34 896
25 35 289
26 27 717
26 28 178
26 29 766
26 30 693
26 31 30
26 32 51
26 33 778
26 34 99
26 35 794
27 28 531
27 29 530
27 30 472
27 31 336
27 32 261
27 33 324
27 34 869
27 35 981
28 29 96
28 30 627
28 31 550
28 32 706
28 33 998
28 34 955
28 35 754
29 30 389
29 31 336
29 32 293
29 33 16
29 34 251
29 35 907
30 31 860
30 32 340
30 33 920
30 34 712
30 35 43
31 32 919
31 33 35
31 34 33
31 35 365
32 33 398
32 34 334
32 35 616
33 34 608
33 35 360
34 35 456
