60 99
33 54 180
4 5 836
6 52 649
1 4 334
18 38 923
12 14 175
31 40 225
59 1 464
37 25 599
41 15 748
42 53 835
31 57 61
15 17 340
30 9 832
20 2 772
18 34 392
6 46 57
60 46 985
14 55 278
14 28 531
38 21 634
13 16 686
2 6 91
14 33 9
25 48 128
20 42 400
21 11 956
7 32 497
24 43 885
14 59 267
20 37 256
4 14 306
22 47 462
20 39 922
21 45 50
2 58 672
33 13 161
31 42 228
22 30 632
8 19 156
43 8 513
2 7 409
3 27 985
10 20 47
30 32 852
25 60 137
2 13 250
52 56 56
15 19 51
15 45 78
2 3 84
16 33 609
1 23 356
44 10 870
20 25 94
1 12 615
35 27 231
30 3 569
1 2 403
47 15 188
3 31 727
18 24 438
38 58 697
7 49 633
11 21 111
32 44 277
41 46 101
32 30 834
44 57 712
13 49 93
21 53 148
8 11 1000
17 50 737
44 18 946
34 35 108
3 26 570
56 35 343
1 51 793
54 45 191
5 9 643
32 39 919
1 31 35
8 52 369
11 40 775
1 8 629
27 10 645
18 36 459
8 50 263
60 16 722
25 20 589
47 56 305
15 22 730
8 29 485
1 18 214
14 41 927
9 15 685
9 10 38
45 17 485
16 35 517
