20
                                                                                                                                                                                                        
                                                                
                                                                                  
                
                               
                                                
                                                              
                                                
                                                           
                                
                                              
                                    
                                                                                                             
                                                                                
                                                                                    
                                                
                                                                 
                                                                                             
                                                        
                                                                
